512422
512423
512424
512425
512426
512427
512428
512429
512430
512431
512432
512433
512434
512435
512436
512437
512438
512439
512440
512441
512442
512443
512444
512445
512446
512447
512448
512449
512450
512451
512452
512453
512454
512455
512456
512457
512458
512459
512460
512461
512462
512463
512464
512465
512466
512467
512468
512469
512470
512471
512472
512473
512474
512475
512476
512477
512478
512479
512480
512481
512482
512483
512484
512485
512486
512487
512488
512489
512490
512491
512492
512493
512494
512495
512496
512497
512498
512499
512500
512501
512502
512503
512504
512505
512506
512507
512508
512509
512510
512511
512512
512513
512514
512515
512516
512517
512518
512519
512520
512521
512522
512523
512524
512525
512526
512527
512528
512529
512530
512531
512532
512533
512534
512535
512536
512537
512538
512539
512540
512541
512542
512543
512544
512545
512546
512547
512548
512549
512550
512551
512552
512553
512554
512555
512556
512557
512558
512559
512560
512561
512562
512563
512564
512565
512566
512567
512568
512569
512570
512570
512570
512570
512570
512570
512570
512571
512572
512573
512574
512575
512576
512577
512577
512577
512577
512577
512577
512577
512578
512579
512580
512581
512582
512583
512583
512583
512583
512583
512583
512583
512584
512585
512586
512587
512587
512587
512587
512587
512587
512587
512588
512589
512590
512590
512590
512590
512590
512590
512590
512591
512592
512593
512594
512595
512596
512597
512598
512599
512600
512601
512602
512603
512604
512605
512606
512607
512608
512609
512609
512609
512609
512609
512609
512609
512609
512609
512609
512609
512609
512609
512610
512611
512612
512613
512613
512613
512613
512613
512613
512613
512614
512615
512616
512617
512618
512619
512620
512621
512622
512623
512624
512625
512626
512627
512628
512629
512630
512631
512632
512633
512634
512635
512636
512637
512638
512639
512640
512641
512642
512643
512644
512645
512646
512647
512648
512649
512650
512651
512652
512653
512654
512655
512656
512657
512658
512659
512660
512661
512662
512663
512664
512665
512666
512667
512668
512669
512670
512671
512672
512673
512674
512675
512676
512677
512678
512679
512680
512681
512682
512683
512684
512685
512686
512687
512688
512689
512690
512691
512692
512693
512694
512695
512696
512697
512698
512699
512700
512701
512702
512703
512704
512705
512706
512707
512708
512709
512710
512711
512712
512713
512714
512715
512716
512717
512718
512719
512720
512721
512722
512723
512724
512725
512726
512727
512728
512729
512730
512731
512732
512733
512734
512735
512736
512737
512738
512739
512740
512741
512742
512743
512744
512745
512746
512747
512748
512749
512750
512751
512752
512753
512754
512755
512756
512757
512758
512759
512760
512761
512762
512763
512764
512765
512766
512767
512768
512769
512770
512771
512772
512773
512774
512775
512776
512777
512778
512779
512780
512781
512782
512783
512784
512785
512786
512787
512788
512789
512790
512791
512792
512793
512794
512794
512795
512796
512797
512798
512799
512800
512801
512802
512803
512804
512805
512806
512807
512808
512809
512810
512811
512812
512813
512814
512815
512816
512817
512818
512819
512820
512821
512822
512823
512824
512825
512826
512827
512828
512829
512830
512831
512832
512833
512834
512835
512836
512837
512838
512839
512840
512841
512842
512843
512844
512845
512846
512847
512848
512849
512850
512851
512852
512853
512854
512855
512856
512857
512858
512859
512860
512861
512862
512863
512864
512865
512866
512867
512868
512869
512870
512871
512872
512873
512874
512875
512876
512877
512878
512879
512880
512881
512882
512883
512884
512885
512886
512887
512888
512889
512890
512891
512892
512893
512894
512895
512896
512897
512898
512899
512900
512901
512902
512903
512904
512905
512906
512907
512908
512909
512910
512911
512912
512913
512914
512915
512916
512917
512918
512919
512920
512921
512922
512923
512924
512925
512926
512927
512928
512929
512930
512931
512932
512933
512934
512935
512936
512937
512938
512939
512940
512941
512942
512943
512944
512945
512946
512947
512948
512949
512950
512951
512952
512953
512954
512954
512955
512956
512957
512958
512959
512960
512961
512962
512963
512964
512965
512966
512967
512968
512969
512970
512971
512972
512973
512974
512975
512976
512977
512978
512979
512980
512981
512982
512983
512984
512985
512986
512987
512988
512989
512990
512991
512992
512993
512994
512995
512996
512997
512998
512999
513000
513001
513002
513003
513004
513005
513006
513007
513008
513009
513010
513011
513012
513013
513014
513015
513016
513017
513018
513019
513020
513021
513022
513023
513024
513025
513026
513027
513028
513029
513030
513031
513032
513033
513034
513035
513036
513037
513038
513039
513040
513041
513042
513043
513044
513045
513046
513047
513048
513049
513050
513051
513052
513053
513054
513055
513056
513057
513058
513059
513060
513061
513062
513063
513064
513065
513066
513067
513068
513069
513070
513071
513072
513073
513074
513075
513076
513077
513078
513079
513080
513081
513082
513083
513084
513085
513086
513087
513088
513089
513090
513091
513092
513093
513094
513095
513096
513097
513098
513099
513100
513101
513102
513103
513104
513105
513106
513107
513108
513109
513110
513111
513112
513113
513114
513115
513116
513117
513118
513119
513120
513121
513122
513123
513124
513125
513126
513127
513128
513129
513130
513131
513132
513133
513134
513135
513136
513137
513138
513139
513140
513141
513142
513143
513144
513145
513146
513147
513148
513149
513150
513151
513152
513153
513154
513155
513156
513157
513158
513159
513160
513161
513162
513163
513164
513165
513166
513167
513168
513169
513170
513171
513172
513173
513174
513175
513176
513177
513178
513179
513180
513181
513182
513183
513184
513185
513186
513187
513188
513189
513190
513191
513192
513193
513194
513195
513196
513197
513198
513199
513200
513201
513202
513203
513204
513205
513206
513207
513208
513209
513210
513211
513212
513213
513214
513215
513216
513217
513218
513219
513220
513221
513222
513223
513224
513225
513226
513227
513228
513229
513230
513231
513232
513233
513234
513235
513236
513237
513238
513239
513240
513241
513242
513243
513244
513245
513246
513247
513248
513249
513250
513251
513252
513253
513254
513255
513256
513257
513258
513259
513260
513261
513262
513263
513264
513265
513266
513267
513268
513269
513270
513271
513272
513273
513274
513275
513276
513277
513278
513279
513280
513281
513282
513283
513284
513285
513286
513287
513288
513289
513290
513291
513292
513293
513294
513295
513296
513297
513298
513299
513300
513301
513302
513302
513303
513303
513304
513305
513306
513307
513308
513309
513310
513311
513312
513313
513314
513315
513316
513317
513318
513319
513320
513321
513322
513323
513324
513325
513326
513327
513328
513329
513330
513331
513332
513333
513334
513335
513336
513337
513338
513339
513340
513341
513342
513343
513344
513345
513346
513347
513348
513349
513350
513351
513352
513353
513354
513355
513356
513357
513358
513359
513360
513361
513362
513363
513364
513365
513366
513367
513368
513369
513370
513371
513372
513373
513374
513375
513376
513377
513378
513379
513380
513381
513382
513383
513384
513385
513386
513387
513388
513389
513390
513391
513392
513393
513394
513395
513396
513397
513398
513399
513400
513401
513402
513403
513404
513405
513406
513407
513408
513409
513410
513411
513412
513413
513414
513415
513416
513417
513418
513419
513420
513421
513422
513423
513424
513425
513426
513427
513428
513429
513430
513431
513432
513433
513434
513435
513436
513437
513438
513439
513440
513441
513442
513443
513444
513445
513446
513447
513448
513449
513451
513450
513452
513454
513453
513455
513456
513457
513458
513459
513460
513461
513462
513463
513464
513465
513466
513467
513468
513469
513472
513471
513470
513473
513474
513475
513476
513477
513478
513479
513480
513481
513482
513483
513484
513485
513486
513487
513488
513489
513490
513491
513492
513493
513494
513495
513496
513497
513498
513499
513500
513501
513502
513503
513504
513505
513506
513507
513508
513509
513510
513511
513512
513513
513514
513515
513516
513517
513518
513519
513520
513521
513522
513523
513524
513525
513526
513527
513528
513529
513530
513531
513532
513533
513534
513535
513536
513537
513538
513539
513540
513541
513542
513543
513544
513545
513546
513547
513548
513549
513550
513551
513552
513553
513554
513555
513556
513557
513558
513559
513560
513561
513562
513563
513564
513565
513566
513567
513568
513569
513570
513571
513572
513573
513574
513575
513576
513577
513578
513579
513580
513581
513582
513583
513584
513585
513586
513587
513588
513589
513590
513591
513592
513593
513594
513595
513596
513597
513598
513599
513600
513601
513602
513603
513604
513605
513606
513607
513608
513609
513610
513611
513612
513613
513614
513615
513616
513617
513618
513619
513620
513621
513622
513623
513623
513624
513625
513626
513627
513628
513629
513630
513631
513632
513633
513634
513635
513636
513637
513638
513639
513640
513641
513642
513643
513644
513645
513646
513647
513648
513649
513650
513651
513652
513653
513654
513655
513656
513657
513658
513659
513660
513661
513662
513663
513664
513665
513666
513667
513668
513669
513670
513671
513672
513673
513674
513675
513676
513677
513678
513679
513680
513681
513682
513683
513684
513685
513686
513687
513688
513689
513690
513691
513692
513693
513694
513695
513696
513697
513698
513699
513700
513701
513702
513703
513704
513705
513706
513707
513708
513709
513710
513711
513712
513713
513714
513715
513716
513717
513718
513719
513720
513721
513722
513723
513724
513725
513726
513727
513728
513729
513730
513731
513732
513733
513734
513735
513736
513737
513738
513739
513740
513741
513742
513743
513744
513745
513746
513747
513748
513749
513750
513751
513752
513753
513754
513755
513756
513757
513758
513759
513760
513761
513762
513763
513764
513765
513766
513767
513768
513769
513770
513771
513772
513773
513774
513775
513776
513777
513778
513779
513780
513781
513783
513782
513784
513785
513786
513787
513788
513789
513789
513790
513791
513792
513793
513794
513795
513796
513797
513798
513799
513800
513801
513802
513803
513804
513805
513806
513807
513808
513809
513810
513811
513812
513813
513814
513815
513816
513817
513818
513819
513820
513821
513822
513823
513824
513826
513827
513825
513828
513829
513830
513831
513832
513833
513834
513835
513836
513837
513838
513839
513840
513841
513842
513843
513844
513845
513846
513847
513848
513849
513850
513851
513852
513853
513854
513855
513856
513857
513858
513859
513860
513861
513862
513863
513864
513865
513866
513867
513868
513869
513870
513871
513872
513873
513874
513875
513876
513877
513878
513879
513880
513881
513882
513883
513884
513885
513886
513887
513888
513889
513890
513891
513892
513893
513894
513895
513896
513897
513898
513899
513900
513901
513902
513903
513904
513905
513906
513907
513908
513909
513910
513911
513912
513913
513914
513915
513916
513917
513918
513919
513920
513921
513922
513923
513924
513925
513926
513927
513928
513929
513930
513931
513932
513933
513934
513935
513936
513937
513938
513939
513940
513941
513943
513942
513944
513945
513946
513947
513948
513949
513950
513951
513952
513953
513954
513955
513956
513957
513958
513959
513960
513961
513962
513963
513964
513965
513966
513967
513968
513969
513970
513971
513972
513973
513974
513975
513976
513977
513978
513979
513980
513981
513982
513983
513984
513985
513986
513987
513988
513989
513990
513991
513992
513993
513994
513995
513996
513997
513998
513999
514000
514001
514002
514003
514004
